1950    60.90   57.58   59.24
1951    62.54   59.24   60.89
1952    64.67   61.25   62.96
1953    65.07   61.54   63.30
1954    66.58   62.48   64.52
1955    67.76   63.61   65.68
1956    67.66   63.43   65.53
1957    67.59   63.25   65.39
1958    69.30   64.76   67.01
1959    69.75   65.08   67.40
1960    70.14   65.31   67.69
1961    70.83   65.91   68.34
1962    71.12   66.19   68.62
1963    72.26   67.18   69.70
1964    72.76   67.63   70.17
1965    72.85   67.68   70.23
1966    73.65   68.45   71.03
1967    73.94   68.74   71.32
1968    74.29   69.06   71.66
1969    74.62   69.19   71.89
1970    74.67   69.36   72.00
1971    75.49   70.40   72.94
1972    75.96   71.17   73.54
1973    75.96   71.66   73.79
1974    76.33   72.55   74.41
1975    76.85   73.35   75.08
1976    77.27   73.73   75.48
1977    77.86   74.03   75.93
1978    78.21   73.97   76.09
1979    78.75   74.04   76.42
1980    78.75   73.56   76.20
1981    79.17   73.79   76.54
1982    79.74   74.24   77.06
1983    79.84   74.22   77.10
1984    80.29   74.58   77.51
1985    80.57   74.87   77.80
1986    81.02   75.25   78.23
1987    81.48   75.63   78.65
1988    81.37   75.57   78.56
1989    81.84   75.94   78.99
1990    81.91   75.91   79.00
1991    82.22   76.13   79.27
1992    82.35   76.11   79.32
1993    82.50   76.24   79.46
1994    82.96   76.57   79.86
1995    82.83   76.39   79.70
1996    83.55   77.01   80.38